data/inputs/1001_DEM.asc
ncols         12
nrows         22
xllcorner     316000.0
yllcorner     941000.0
cellsize      1000.0
NODATA_value  -9999
-9999.00 121.50 -9999.00 -9999.00 -9999.00 -9999.00 -9999.00 -9999.00 -9999.00 -9999.00 -9999.00 -9999.00
73.75 60.50 80.25 59.00 34.00 -9999.00 -9999.00 -9999.00 -9999.00 -9999.00 -9999.00 -9999.00
56.75 36.25 46.50 35.75 32.00 52.50 69.75 -9999.00 -9999.00 -9999.00 -9999.00 -9999.00
54.00 35.00 25.50 29.00 22.25 30.25 54.00 60.50 70.00 -9999.00 -9999.00 -9999.00
-9999.00 64.00 46.75 40.75 37.75 23.00 40.25 68.00 -9999.00 -9999.00 -9999.00 -9999.00
-9999.00 101.75 78.50 53.25 30.00 17.00 42.75 42.00 49.25 -9999.00 -9999.00 -9999.00
-9999.00 118.75 85.25 57.25 42.75 17.00 17.00 18.75 29.75 37.75 -9999.00 -9999.00
-9999.00 136.75 102.00 79.00 58.75 47.25 26.00 17.25 17.00 18.75 -9999.00 -9999.00
-9999.00 107.50 94.25 80.50 99.00 71.00 63.00 41.75 18.00 25.50 -9999.00 -9999.00
-9999.00 103.25 84.00 79.50 82.00 84.00 55.50 39.00 31.75 31.00 -9999.00 -9999.00
-9999.00 97.50 80.00 80.50 67.50 75.00 67.00 37.50 40.25 33.50 -9999.00 -9999.00
-9999.00 97.75 82.00 73.00 63.25 59.75 55.00 61.00 54.00 51.25 -9999.00 -9999.00
-9999.00 -9999.00 85.75 75.75 70.25 68.50 77.50 81.50 65.00 67.50 -9999.00 -9999.00
-9999.00 -9999.00 85.25 86.50 84.75 93.50 89.00 75.00 83.75 81.50 95.00 -9999.00
-9999.00 -9999.00 94.50 100.00 97.00 95.75 79.00 78.00 -9999.00 96.50 -9999.00 -9999.00
-9999.00 -9999.00 105.75 99.00 108.75 92.25 90.25 89.75 95.00 -9999.00 -9999.00 -9999.00
-9999.00 -9999.00 -9999.00 113.50 110.00 100.00 103.50 100.50 88.75 -9999.00 -9999.00 -9999.00
-9999.00 -9999.00 -9999.00 124.00 118.75 109.75 109.75 109.75 100.75 98.25 -9999.00 -9999.00
-9999.00 -9999.00 -9999.00 -9999.00 137.00 125.25 129.50 141.00 142.00 109.50 -9999.00 -9999.00
-9999.00 -9999.00 -9999.00 -9999.00 150.50 139.00 137.25 160.00 149.00 120.00 123.00 -9999.00
-9999.00 -9999.00 -9999.00 -9999.00 203.50 165.75 162.75 175.75 177.50 136.75 138.75 -9999.00
-9999.00 -9999.00 -9999.00 -9999.00 -9999.00 -9999.00 -9999.00 -9999.00 -9999.00 -9999.00 -9999.00 192.25
