data/inputs/1001_MinDEM.asc
ncols         12
nrows         22
xllcorner     316000.0
yllcorner     941000.0
cellsize      1000.0
NODATA_value  -9999
-9999.00 77.00 -9999.00 -9999.00 -9999.00 -9999.00 -9999.00 -9999.00 -9999.00 -9999.00 -9999.00 -9999.00
46.00 44.00 55.00 33.00 29.00 -9999.00 -9999.00 -9999.00 -9999.00 -9999.00 -9999.00 -9999.00
38.00 28.00 25.00 23.00 24.00 31.00 47.00 -9999.00 -9999.00 -9999.00 -9999.00 -9999.00
41.00 28.00 25.00 23.00 19.00 20.00 43.00 53.00 56.00 -9999.00 -9999.00 -9999.00
-9999.00 41.00 32.00 29.00 18.00 18.00 28.00 53.00 -9999.00 -9999.00 -9999.00 -9999.00
-9999.00 80.00 54.00 40.00 17.00 17.00 24.00 28.00 30.00 -9999.00 -9999.00 -9999.00
-9999.00 96.00 64.00 48.00 19.00 17.00 17.00 17.00 17.00 26.00 -9999.00 -9999.00
-9999.00 111.00 80.00 49.00 41.00 17.00 17.00 17.00 17.00 15.00 -9999.00 -9999.00
-9999.00 88.00 83.00 70.00 67.00 54.00 50.00 24.00 16.00 14.00 -9999.00 -9999.00
-9999.00 88.00 78.00 73.00 70.00 68.00 43.00 26.00 19.00 27.00 -9999.00 -9999.00
-9999.00 86.00 76.00 72.00 64.00 67.00 47.00 28.00 27.00 27.00 -9999.00 -9999.00
-9999.00 86.00 76.00 69.00 58.00 53.00 47.00 41.00 47.00 37.00 -9999.00 -9999.00
-9999.00 -9999.00 79.00 66.00 57.00 55.00 56.00 64.00 50.00 48.00 -9999.00 -9999.00
-9999.00 -9999.00 82.00 78.00 77.00 87.00 75.00 65.00 61.00 69.00 89.00 -9999.00
-9999.00 -9999.00 89.00 90.00 89.00 88.00 76.00 72.00 -9999.00 88.00 -9999.00 -9999.00
-9999.00 -9999.00 96.00 96.00 100.00 87.00 83.00 77.00 82.00 -9999.00 -9999.00 -9999.00
-9999.00 -9999.00 -9999.00 107.00 101.00 94.00 92.00 89.00 82.00 -9999.00 -9999.00 -9999.00
-9999.00 -9999.00 -9999.00 114.00 108.00 100.00 99.00 99.00 88.00 93.00 -9999.00 -9999.00
-9999.00 -9999.00 -9999.00 -9999.00 122.00 109.00 114.00 119.00 109.00 97.00 -9999.00 -9999.00
-9999.00 -9999.00 -9999.00 -9999.00 137.00 126.00 126.00 149.00 138.00 103.00 111.00 -9999.00
-9999.00 -9999.00 -9999.00 -9999.00 157.00 149.00 147.00 152.00 140.00 108.00 109.00 -9999.00
-9999.00 -9999.00 -9999.00 -9999.00 -9999.00 -9999.00 -9999.00 -9999.00 -9999.00 -9999.00 -9999.00 159.00
